frame #,zcr,energy,energy_entropy,spectral_centroid,spectral_spread,spectral_entropy,spectral_flux,spectral_rolloff,mfcc_1,mfcc_2,mfcc_3,mfcc_4,mfcc_5,mfcc_6,mfcc_7,mfcc_8,mfcc_9,mfcc_10,mfcc_11,mfcc_12,mfcc_13,chroma_1,chroma_2,chroma_3,chroma_4,chroma_5,chroma_6,chroma_7,chroma_8,chroma_9,chroma_10,chroma_11,chroma_12,chroma_std
0,0.06110154905335628,0.01826872327158425,3.280508869245378,0.09520663783501557,0.11213808061564078,0.41331677803640043,0.0,0.08922909683848175,-22.480981279731267,0.7566780843382428,-1.0068289543873097,0.17230202908260775,-0.4819271026028942,0.292102339481731,-0.15969765013508147,0.9651718178892981,1.5752022158749401,-0.873550325022793,-0.1640347245337276,-0.16708565729009056,-0.05802393440677622,0.0008859891530146748,0.0013336825788461601,0.000166401524856504,0.0001222030103372708,0.0004253543432653946,0.0002989520477817999,0.00024639083064687407,7.763436227824628e-05,8.577138484598179e-05,0.00019353688113317812,0.00046432594217906374,0.0006384853300695974,0.00036272497502609055
1,0.05883685116405472,0.022261321755626496,3.3074896729249104,0.10568863496021813,0.13056320947200958,0.44438634582423997,0.0016814150295800918,0.08922909683848175,-22.53874864781464,0.005252736943845371,-1.3125988137777138,-0.16955543594427244,0.07321280951974783,0.44476216754165754,0.17223919611853622,0.13948561057018094,1.8700753396190661,-0.29449198342606203,-0.5475132477429272,-0.23904434780368528,-0.031669922537928885,0.00030762066918122355,0.0008754416977141637,0.00010420645522209782,5.72890290319529e-05,0.00011283282573996685,0.00010002578241475465,0.0002823719621813113,6.863096436168474e-05,0.0006436640762671455,0.00014623517173812287,8.980757429229856e-05,0.00012810082495807337,0.00024728782930542284
2,0.08288794274843736,0.017033386387102795,3.2465942497176052,0.09378516807223858,0.09846878254207116,1.0993867020811312,0.002974853329601126,0.10055258628498959,-22.16986116626702,0.041926928291216276,-1.2814556469217238,-0.19608677779512323,-0.0636223530804678,0.6803739859497903,0.396827726346071,0.9288341784744508,0.20615263533087297,-0.26353317615647376,-0.22538108856995825,-0.27319113514868043,0.2600532249877412,0.00014340467639869722,0.0009224709856773519,0.0001622623337615613,0.00046315285714585103,0.000334885642549188,8.147626072096904e-05,0.0002729289015739798,0.00025524305363426987,0.0014615133670166198,0.0003655242768323518,0.0001630212717758214,0.00017117436204406233,0.00038499372664409313
3,0.056843917021469334,0.016156398770416167,3.3046243384466996,0.08463489453231673,0.10144076857251388,0.44571769071051903,0.0024077479237304285,0.08941027266962587,-21.1945055204509,0.7969937465951362,-1.0452945479112652,-0.12698400037747545,-0.4289075992285296,0.235665315104746,0.09501088506531835,0.37771989919896654,1.297378748245811,0.17190967138413943,-0.12431201127071624,-0.44602257735557516,-0.07159167258665877,0.00013303637006916176,0.0005596703892581717,0.0006723354402964146,0.0004797800016064932,0.00048280134077791315,0.0007259081872196492,0.0001114001679150399,0.0004908431131166508,0.0009758130039283539,0.0007537411444828629,0.0021077331938206397,0.0005755543183753019,0.0004912106086074688
4,0.04493160612374309,0.037669986032635126,3.1250610749972987,0.07357263477215767,0.11209166923857344,0.278769322698678,0.0027958550707666134,0.06694446960775433,-20.290602122699287,2.0286449117309364,-0.5344972945443999,-0.10181645838399857,-0.16540131836366256,0.09224114705272504,0.41226695929795715,-0.6946688312759116,0.6688493637738178,0.18548981421273825,0.13205279659190838,0.15188542201210983,-0.10736837129169162,0.00016932453323459542,0.0004705445374148009,0.00046004827630644486,0.0004280254760119823,0.036243297466934984,0.001248635999703687,0.022519106319384058,0.00050960013218737,0.0004980533473026703,0.0004342735905632375,0.001199453180840349,0.0003666748430541341,0.011097923707520071
5,0.03886221578041489,0.06728045057290614,3.272133998623678,0.057755704206478756,0.07883574893364939,0.2456943558489017,0.0024935089355837877,0.06694446960775433,-19.299172443549022,2.3537822559544677,-0.21251123660472238,0.35909799925351793,-0.01572025912279089,-0.12113498811559617,0.6049334969736476,-0.1802647900605348,0.36900611167430236,0.25674796865271143,-0.3914768020871333,0.23531456189539737,-0.13998246029490083,0.0008912186839531932,0.05596507970869865,0.061517839000939004,0.0015982426285403764,0.0379886059061611,0.00038246262512712565,0.0026358208418364015,0.00018777698165036794,0.0004966143323391207,0.0004730246110329747,0.00023463854816874232,0.000957889851899108,0.02263580048323022
6,0.036325754144397135,0.051371640272715596,3.2962523436722404,0.05727770694803597,0.08064039402381112,0.188067696894913,0.002393349259427405,0.06323036506929976,-19.597365677463166,2.4620325489663313,-0.16228630460435073,0.37316905189443095,0.09290567323781934,0.13581069992833905,0.043110896680394556,-0.29500476958320887,1.0276079270244485,0.4708189526736547,-0.4409704421962566,-0.18056329552289874,-0.3335790530548145,0.005067023162874292,0.06393612620019681,0.01990392010634851,0.0010688910676521658,0.003486740281252341,0.0003923442169517169,0.000288799783826948,0.0016392414012983696,0.0026451518244229545,0.012734253802953932,0.0026039996107301796,0.015141621051644481,0.01719090301572905
7,0.04493160612374309,0.04872385361778148,3.306287178121567,0.06850490155971979,0.11460594084042602,0.4621748794993897,0.001500908592749251,0.08433734939759036,-19.829595771365188,2.4581943473816446,-0.3668493268540828,0.4418746007680562,0.08260209685318556,0.4122133416700733,-0.021161606791348833,0.21431453444007473,0.5257313774629149,0.1723656422192946,-0.1206690420264134,-0.30863016071572064,-0.07291709895164705,0.0012711097090769743,0.0063917083680762295,0.0031873061621300164,0.0006979073633795842,0.0008072303100714606,0.0008455611205513174,0.0018229885631045597,0.0023011864744403618,0.008963596718289713,0.005004360230864373,0.0011730835714232732,0.007950334101673971,0.002842402420745232
8,0.03446870187516985,0.06918778451123012,3.232712976114623,0.07759668991839234,0.1409198191662334,0.20257000318098387,0.002677881154636775,0.06685388169218226,-19.57354725774568,2.5442927482987687,-0.12872291514351167,0.40737495196276263,0.055139302014500784,0.32554110473207465,0.17360893928054913,0.13330335199410534,0.8024975065204841,-0.3397842421957671,-0.6333729639062047,-0.11534333073545236,0.014320368571580123,0.0024405708422104845,0.05822783758910385,0.007258532901956866,0.0018159152352165756,0.011922421119991086,0.000671419918297026,0.0003959194357934968,0.00012602128554377534,0.0003497510838711971,0.0007321787035004463,0.0011877353532880552,0.001508881112217143,0.015742814686249378
9,0.03759398496240601,0.0469382399676686,3.281902391371318,0.06470606419600723,0.10097202324344884,0.22850907178897645,0.0018147091871176713,0.059969200108705496,-19.416858405914024,2.334870945921104,-0.14532056020666928,0.42991665253712963,0.044849623959346586,0.30241377502791633,0.30233613580831087,-0.1624006065484679,0.10909552541450157,0.11088142018646895,-0.2229229389409233,0.12766360743280636,-0.30958179089604687,0.0028226242110218746,0.11854362532185526,0.002558059162770043,0.00200005152889638,0.03452353721048274,0.0012180800668589646,0.0010403680249094077,0.0007869787649473994,0.002951024128162525,0.00679299662665946,0.001124614872386905,0.0005586138814445603,0.03262517575886207
10,0.04361808134794819,0.05419485381155938,3.24493404886583,0.08492726914172583,0.14461206235329055,0.20313771950004889,0.003452932755620456,0.08922909683848175,-20.03432350063098,2.3532638556780263,0.019964412872801277,0.5891038783872027,-0.15424038706495882,0.24649232381608757,0.34809968361512267,0.2522523433868194,-0.7052942264765624,-0.15489454625095417,0.1790846393906175,0.14096506050856047,0.13871693651309855,0.0002536160806621746,0.007827083197057667,0.050038340614313885,0.0036872206958749112,0.005928652350812355,0.0005404133129749841,0.01015106522758405,0.00025387917376174543,0.0006056637878480406,0.0006099188470071651,0.0002832698709797311,0.0002324915296370836,0.013476354913967384
11,0.039179273484917114,0.0563836381569042,3.240131202622645,0.06528691268769948,0.10396219261131555,0.3766514652394116,0.002210249943225771,0.08922909683848175,-19.679944358579146,2.396773431129268,0.09188580387875434,0.5611097973599524,-0.05659887944004434,0.5196085405984485,-0.011107565431185386,0.6683983938733855,-0.7038383981858919,-0.035186118355003154,0.2705154365883343,-0.06407894605318451,0.13070081448523369,0.0010630132719021581,0.11377228211586868,0.020486854127100072,0.0019749652797260812,0.01454059014104597,0.0012305151073480694,0.008343714349236208,0.0005344644240268615,0.0010193597918325883,0.0031324366313747643,0.0005585025910914919,0.0005336168926720313,0.03073242653179756
12,0.03505752332638826,0.05122396840997558,3.2859903256336946,0.07278362012539771,0.12630092191697645,0.18101097432766555,0.0029613043996349012,0.05960684844641725,-19.907277762958092,2.275400857769204,-0.32066381377595987,0.17943024579426065,-0.26649868326378334,0.3162099788226579,0.34494504744747484,0.0802699301604008,-0.36277468050187484,-0.19874863583015023,0.2673855991425788,0.004004055108349142,0.2078974962750464,0.000675499019337043,0.0008215717460687705,0.0008294684967659198,0.0004325088961399097,0.021468508645249493,0.0009647955526033767,0.003773772912638103,0.09386355379253283,0.0014583907412500819,0.0019977834078571707,0.00018821161159646282,0.00010145860753848326,0.02575443701696553
13,0.03999456472506568,0.05418693466377639,3.2843350200209964,0.0836280130660437,0.15321685152980305,0.24104177408965077,0.003122019409083956,0.08931968475405382,-19.8263220756613,2.709667342363427,-0.0627496126543848,0.6012992426819879,0.017130259816204696,0.29785732459696934,-0.1211064881250745,0.1859463732376212,-0.33517581039714295,0.1306053353562988,0.1309446532318543,-0.09522952999228808,0.04910938688111452,0.0003193077275574855,0.0038677290176526917,0.04100315326435837,0.00013617216638310702,0.002566862438562403,0.0007368578399510316,0.009366585708475334,0.006361101642300724,0.011071972630540326,0.009362523808992771,0.00040990462666473253,0.0006910916743692471,0.010907770052166935
14,0.03587281456653683,0.0456992944395193,3.303944897455111,0.05732392104398664,0.07963339135454832,0.10339638032932383,0.002107685182477352,0.06304918923815563,-19.809718653764396,2.673032572761236,-0.366481704267114,0.35499346944246996,-0.3940118959438915,0.5368944558165036,-0.14619714407561657,0.0025669994799520784,0.31725126815921256,0.13426130658587376,0.1818699391580524,-0.29504147880689763,0.06375001461589677,0.0005950930129779519,0.0018056450548562812,0.011439438203182719,0.0009817037991992537,0.0007179889881177325,0.002046982221011678,0.03668500945913293,0.0011661400521520001,0.026580554302124453,0.003859358751662314,0.002099241190843704,0.0003281564803505605,0.011414210581172389
15,0.03650692997554126,0.05008046034132756,3.2920413079230912,0.06096757860010137,0.08847000406813431,0.12824888284318572,0.001874578209210567,0.06341154090044387,-19.557989353204693,2.5487903488764205,-0.5229878178183948,0.4644976890229311,-0.5106713565910332,0.23446081085069737,-0.4803081744788796,-0.07205169492005822,0.3237393358587658,-0.4154088890360587,-0.07474680822062257,-0.5428060306947118,-0.1599183615976948,0.0006841239230660812,0.0005048523567324191,0.00032060039156184614,0.00046310041149340254,0.0012832891189875518,0.0011051342576284284,0.0011630128758876974,0.0005582514289784203,0.027733015030307267,0.012104063024219645,0.0028260753438792436,0.003537119721190586,0.007713134943100756
16,0.044071020925808495,0.056563712787298895,3.312664247039312,0.07386037645336031,0.1216778118771984,0.5889870533872203,0.001817641466619032,0.10037141045384546,-19.573992924323537,2.3900758334246595,-0.3067420316693493,0.2614922704477685,-0.4756178179814451,0.3297658603781506,-0.3061151727757217,0.17544157214712153,-0.15466657705661452,-0.018686506566202757,0.22775628706128678,-0.17584791179276188,-0.07005019578210882,0.0004261039043544889,0.0005514093626624968,0.0002774389191665833,0.000375472216264337,0.02114292847229666,0.0006287072799175167,0.017285015732487533,0.0017427867156401351,0.021309785192273258,0.005195526299448478,0.0004327221861532909,0.0007029455302279788,0.008279255805102945
17,0.039586919104991396,0.03710390335891434,3.0624714342693347,0.06299849741826212,0.09839337933488476,0.24762274302989798,0.002546432366961101,0.06703505752332639,-20.00031588211029,2.7032288434319365,-0.1132770227361227,0.451901118421935,-0.5363838183432844,0.3819637663188619,-0.529811571550246,0.48565253626837473,0.44350261460340096,-0.45138093533335244,-0.10884424996254158,-0.35279064659396053,0.1432662487641352,0.0003169837214110412,0.009410992964769233,0.03236635555178261,0.0028290131830651048,0.02386691572474574,0.0009181262784885108,0.007139638246420269,0.0004857563050223384,0.0019861652922077808,0.0031888199950572114,0.00033389490505544736,0.00081518381048191,0.009990013374244308
18,0.03578222665096476,0.031417234331781486,3.0769788442686807,0.059542990863340764,0.08357647265918869,0.11913390904415865,0.0016483036210417016,0.04973276564906241,-20.222895671812363,2.716509971011552,-0.5145231455454076,0.3284197760690946,-0.5605431003099592,0.21595703876470407,-0.06654957630278548,0.28909699566039376,0.7677333499795349,-0.36580602634947884,0.0178045965019182,0.0054152347036987136,0.055770473482474,0.0006033365501305341,0.012263214185662103,0.042408444288940104,0.0005772190866148904,0.021078407232147267,0.0025287453501968197,0.0006214007671093299,0.0010303101919501613,0.0008901828340940297,0.0011217462826022839,0.0007418170195853513,0.0026794457811673282,0.012204242754852388
19,0.03664281184889936,0.02856355888896201,3.1145732139633613,0.06010927775584017,0.0883958222026252,0.13971881016248955,0.0019139843988898676,0.06323036506929976,-20.19109244222446,2.531751563772482,-0.19922144178552598,0.46530275153658185,-0.3360770009066969,0.40540460490423125,-0.3088057462403735,-0.2623049029950303,0.5709206018899715,-0.26130750672965647,-0.20330714938752423,-0.09329311100154727,0.13858897627964772,0.0012880302258505246,0.000796114015594312,0.0034746604253616314,0.00458193558244287,0.041180036332995835,0.0006878755223981857,0.00045737698378876763,0.0005021490553635781,0.0045227833219856255,0.028029089570775243,0.0010791634748836515,0.0017546272373233345,0.012556158602963276
20,0.024458737204456925,0.09418916396945871,3.3086549248026187,0.04412671103052907,0.07181092564292993,0.07890075929743383,0.0046332361291884444,0.03161518253464988,-20.71380585325251,3.3127568384195714,0.03443574745911275,0.5938914190982686,-0.14526316695878005,-0.14340852742509944,-0.1547223091459902,-0.3895342770559454,0.20974066243387093,-0.22190938451182018,-0.30651041451053496,-0.3718291378914167,-0.18376747042203467,0.001108334728090203,0.0012830426767319121,0.00020742488764987447,0.0002602287574344691,0.0017600174289689454,0.0006114478380983795,0.0006293523944114687,0.0008710388875178681,0.0018275125431927038,0.04608836355692094,0.0011390336760431143,0.0002214317105925467,0.012500114497717587
21,0.027493432376121025,0.0724939939824467,3.034755704490832,0.04821725488781591,0.08645601835631474,0.07981124923214823,0.0011331909519102243,0.05018570522692273,-21.166171641930372,3.200891793952734,-0.22415595389954635,0.6320126607501213,-0.3122895618548418,-0.1663857471787661,-0.03796606704378491,-0.3356059376617597,0.004708192928078669,-0.46201961502920724,-0.4315095021064107,-0.38330635383729555,-0.16622049772765374,0.0010456730704511497,0.001761564821531135,8.339807116380574e-05,0.00019206728533800363,0.00040252458989385395,0.0001582139562516255,0.00020348923392796522,0.00025741252181136164,0.0017418231306915162,0.01803783727364942,0.0010491046840276868,0.0007276172411489206,0.004827783702526828
22,0.02667814113597246,0.01581711147210533,3.1234635387365177,0.058607532915133737,0.10804794782518352,0.1778916208440289,0.007288538188172336,0.0500045293957786,-22.807338468555734,2.7745154524319218,0.13272356808316987,0.9802358771054365,0.234072811650497,-0.18589896570401696,-0.3452626270132405,0.5039838995732102,-0.25206084141834945,-0.3105898781118591,0.21172221565904958,-0.6497904189869357,0.39781760815345857,0.0003928844269439873,0.0018260247172367193,0.0017348800110760809,0.002371860821571831,0.19165923659575587,0.006062288808545759,0.00044833502368700685,0.0005766020614138937,0.0003956196422916487,0.0130300125000323,0.0006820161002460883,0.0005149858571311207,0.052385742075655134
23,0.027538726333907058,0.02175731064495411,3.262020924169468,0.060157624449426364,0.10409229008459765,0.17471865955241256,0.0033078948172165883,0.0500045293957786,-22.38730712561386,2.4166994973200024,0.696363890586406,1.430112325812945,0.4292581172494305,-0.7736879829444422,-0.43819216406305384,0.40341073178528225,-0.897663968811873,0.45448770066947797,0.18861463537023526,-0.2155324753814133,0.5932762006387984,0.00015324302291395254,0.0006028058624623286,0.0005777223063666957,0.032649360398263605,0.0848819003666793,0.007952296917525204,0.011581303577493774,0.0011848291370516971,0.014082898693149475,0.0017276287197979718,0.001113267110578474,0.0001269682421052725,0.023502575519332075
24,0.031298124830147656,0.01794945055207806,3.225595814004542,0.06997856029858053,0.11857703706793986,0.15359189638363432,0.005577938210455619,0.04212338074100915,-22.05594106863661,2.393763418872843,0.9442979356322012,0.799824322548957,-0.8871796694530434,-0.7098073935972948,0.15149744470704957,-0.1638595787941372,0.2932930026766294,-0.010432830062650705,-0.09385908880268712,-0.33545242906043893,-0.6737348169989755,0.0004610544919291617,0.0012616651692190328,0.0006460950569760501,0.00027913407563265536,0.0009220533982048917,0.0011810678377005418,0.0020666901432178585,0.0005079532200256586,0.04993700925372036,0.05658479438654323,0.0004446570906510623,0.0068172795225143745,0.01942721303425627
25,0.03320047105716097,0.01585023762178187,3.2337386317611654,0.06626480784046472,0.10495432705679711,0.1775056271173089,0.0015355129920748784,0.06612917836760576,-22.687586033000308,2.470235844056676,0.9988926391224584,0.7357636628175446,-1.122348381886185,-0.5108490701242027,0.6209520761775064,-0.5222727539910124,0.47646397321597783,-0.2307595069269313,-0.0027814552382125143,-0.5589397088596031,-0.873833465632491,0.001319442321807708,0.0015040815278140169,0.0007216861169144423,0.00032274744559296673,0.0005605337720788103,0.0002903026641624198,0.0015444027367241082,0.001038686045912127,0.019107191220642094,0.03528100665132904,0.0004869295114995176,0.008181720763496287,0.010299568357702594
26,0.02935048464534831,0.019466313395986985,3.206306604829601,0.05637424858679322,0.08436413420361757,0.1900565438255364,0.0049269285846660574,0.0560739197391068,-22.09792439379626,2.3691154407361585,0.8325793642228712,1.4400433929707273,-0.3257422618542383,-0.9847530666693185,-0.1386972335709116,0.11199542924892103,-0.2719155056593713,0.626641798322338,0.019799045764902497,-0.06276876983138514,-0.07433618223366628,0.0001292048086289284,0.00047915464378220607,0.0002461839351250231,0.0006790261947757042,0.09174228038346922,0.005077528112849487,0.013097410089713895,0.001245351401937024,0.0503493949405207,0.0022849301448281626,0.00021929727633937543,0.0008782635094640051,0.027155723147651644
27,0.02762931424947912,0.01580166914636421,3.2333045082392053,0.05740701085707967,0.0918186489539851,0.17137551520153582,0.002690389674268817,0.0500045293957786,-22.493237997918293,2.70574781576347,0.6826089765923524,1.2761438038775754,-0.09856679222122677,-0.648905916595083,-0.48273015074355047,-0.016410746528949693,-0.004573294576557585,0.34520898247132137,0.25292715103995284,-0.8130240739548202,-0.3800432390212384,0.000490010135785976,0.00046014143103362195,0.0018852200945592955,0.0068151203442244354,0.11276627561423112,0.002322598440296574,0.0028296097036461885,0.0010744493610089928,0.025749250046443985,0.0008733923112749371,0.0009897479104924436,0.010151426810829074,0.030606976115549186
28,0.025364616360177554,0.02366525527420871,3.2534272598620997,0.055361022972018635,0.08739436894844302,0.1760041742925126,0.002466114255441277,0.05009511731135067,-22.336557381529943,2.466910278674397,0.6648510353162957,1.5507354245825815,0.23185007822685366,-0.9492143798718848,-0.43809908547895804,0.3773886132593183,-0.5976692466609346,0.611349928478198,0.06681760335112402,-0.34979312987109207,0.1499490394220917,0.0001645609281109575,0.0004880986585791592,0.0008267875938641491,0.02326179351910469,0.11166893171313777,0.00800431684631132,0.01813264314795615,0.0004888124228158138,0.008133006003926857,0.0014579709010474479,0.0006027222398432024,0.0007973044816007917,0.030208442373901388
29,0.02667814113597246,0.01792520103775589,3.2199786119957516,0.06167006834091583,0.10952802252978835,0.11851078850367083,0.005261962555349514,0.042395144487725335,-22.05431929964519,2.6636781218975023,0.6621317747749498,1.2290566392534084,0.18144660990008893,-0.31546564778231334,-0.4961871779157939,-0.012657407897645606,0.30406242946625406,-0.26374142275401824,0.6299220091885861,-0.4099457718700523,-0.6993850509780117,0.0010000734846966495,0.01872354183694252,0.06521514257960848,0.0022079892082380844,0.004124649621669021,0.0009510926040238182,0.001750326467970192,0.0007868398558890647,0.023004101723624906,0.0003169325273514418,0.000788135985604613,0.004191238860007547,0.01806598191578147
30,0.024186973457740738,0.028209044410343637,3.2630858001765035,0.05256116973165038,0.08568585102212635,0.11495651186933235,0.001970784383198576,0.04456925446145484,-22.166103298489574,2.770371456945048,0.5810495685322856,1.5438747730838087,0.5852918504573252,-0.3387530910395147,-0.7676631669115906,0.18741045617248042,0.05458760539163017,-0.39696207385525273,0.6696492092543993,-0.6142059567055886,-0.05259678589321687,0.000272555623941867,0.04666107790632423,0.08195855144700438,0.000733970345898322,0.060703681127003715,0.009627675068077596,0.00024512662323827633,0.0008904582026127715,0.011193481378143291,0.0015359081030654087,0.0010022749244546663,0.00012985040232468023,0.027312653908163096
31,0.0296222483920645,0.01709365173443151,3.2523685825147535,0.061014649748604176,0.10291237290816355,0.1421254845927484,0.003985687934919655,0.02835401757405562,-21.938842892634224,2.693505689137355,0.40417994751777075,1.0059087246609284,0.1377045401336795,-0.0467976306586042,-0.3470651857646823,-0.21245623236954492,0.5624100176329897,-0.2370750807550393,0.3356565933928867,-0.22085331209034703,-0.6737855935511364,0.002485215921252836,0.009637050559351922,0.0099695315493371,0.00045349455099487633,0.004292278975753793,0.0007637663218211106,0.0006575899150018703,0.0003949207078773053,0.0380555340720561,0.0007506623993373435,0.000317480975907128,0.029820251458349024,0.01211954283424049
32,0.021469335990578858,0.02002658810617751,3.211731368827584,0.05991782973185781,0.10784905908812198,0.06409809790333978,0.00284147369636,0.03777516079355014,-22.066790959899794,2.5349462463362515,0.4236016637818451,1.0617682432920725,0.6215893590857513,0.6119442699083041,-0.6084225705270541,-0.27922291615483547,0.677042988573896,-0.46859165808028674,-0.08459852878308112,0.11998172351732139,-0.3247336594840128,0.0007892343517124039,0.030639223798769065,0.04927211256049753,0.0007140315812397347,0.001184060641605079,0.0010536869386736916,0.0013106596675435925,0.000436782759105123,0.002337515953398848,0.008738820905424804,0.005472841862181036,0.03295254890428596,0.01595090161853584
33,0.022828154724159798,0.02918100010672739,3.2538857154695773,0.05008733464661709,0.08073735891551831,0.07790445934176875,0.002792653424559753,0.03288341335265876,-21.84566535617903,2.4717100636830356,0.47048947249286577,1.1618882725353914,0.8907336909721426,1.044388732179636,-0.5747463728030116,-0.5477594643953579,0.3357293712262501,-0.48190253264011806,-0.3830571541743368,0.41492869552158446,-0.0764205640381098,0.0009503943901147101,0.03944164570202665,0.004593279751721633,0.0006613923543812703,0.0013377723326809118,0.0005953662667200567,0.0009730042698644297,0.0010661349723420192,0.0015183358362917622,0.047125463774067976,0.028618991746829518,0.04098171954479858,0.01815624990383897
34,0.024005797626596614,0.041878342553932205,3.281503029832852,0.04859787855148254,0.07448853001376977,0.13959777637403895,0.0043836910939539725,0.0500045293957786,-21.0560313119573,2.4172495876244735,0.8208921102573855,1.754713071460908,0.36431167813601745,-0.48960779867697046,-0.5027419373967739,0.10442487380798354,-0.45839462100024003,0.19502940218600734,0.21631460145787723,-0.02471017665023205,0.07306389627569815,0.0004995497853817489,0.024449184000925137,0.015060172057243512,0.0009461407959232119,0.04826904116799381,0.002163783354499699,0.007931651187283981,0.0012080373291529526,0.004011255920016678,0.025844983489029236,0.001476598769934152,0.007919134695016861,0.013980409185700206
35,0.03270223752151463,0.027831292075880164,3.238710748785173,0.061250996209567525,0.09351015523751008,0.23006973138841155,0.0020733495908822498,0.0560739197391068,-20.918871631576263,2.279391470974791,0.9466945896872261,1.1761560304696446,-0.485609089053633,-0.7335237836906985,-0.13743251435161846,0.1438325856254852,-0.06204460654885631,0.11553434977051595,-0.06015470901347118,-0.34639203177644406,-0.35288017062001964,0.00021404343977836276,0.0015923303291878305,0.0013946524682206315,0.0009122221399493868,0.06253855532122861,0.003032330291321534,0.0011122247075894057,0.001822913217539507,0.07226781979561522,0.04825236273733875,0.0010465089588988126,0.008669755717641026,0.026025899100869682
36,0.03202282815472416,0.04319868428052202,3.2962854450431167,0.0757603447495593,0.13058873398018495,0.29578096370480755,0.004932289780397645,0.04465984237702691,-20.947841748162503,2.6371435640157603,0.45541518596762093,0.41863894457684736,-0.5022143513845654,0.5201235610708186,-0.37800098375972463,0.40193347503716453,-0.39998382095885376,-0.6622829556360315,0.11652689239653408,0.08023833015157726,0.013026966829182201,0.000323528517796592,0.0038108502524273626,0.1540197626148732,0.0018889698361786605,0.00253743199893091,0.000331379398236124,0.0003936735854815841,0.00022622835066832267,0.0009292685067642447,0.0006097180493302338,0.00047609413598274046,0.0006176249523943436,0.042276858421456606
37,0.044705136334812934,0.02860681497145528,3.1765284653649717,0.09221857891317756,0.15899945171319674,0.47164914652708684,0.0021985473643076053,0.08931968475405382,-20.839046543726393,2.5288232538122433,0.4329654257710611,0.0016767055613306579,-0.06796868349103084,0.7225176245996414,-0.7299463354721636,0.3634225355355537,-0.4753618175924204,-0.6242630673209688,-0.1064814557494892,0.6138485444985922,0.3327458996606528,0.0017079883938457144,0.008525181010538126,0.0711053087621546,0.0036562182873104776,0.001142842286988754,0.0011874948198340942,0.0012954806816388293,0.00020142806863358959,0.0006050726870366744,0.0017525726292759159,0.002306439025480567,0.0035321002839740785,0.019118534816066922
38,0.02830872361626959,0.03069942836200567,3.3049681236003847,0.07979496233782712,0.14165395949583742,0.12500883912863697,0.002966454637408395,0.03170577045022194,-20.76066165352569,2.595812766695021,0.5707719840883242,0.41939935044312493,-0.3818439178269345,0.24784963111560188,-0.2098609979955956,0.03851390024186003,0.4372820464877672,-0.4228825717757382,-0.3874821954800589,-0.2423887441447259,-0.23899619198608563,0.0017386256404326001,0.040537096367491865,0.002333906529943109,0.0005269810669490856,0.0002481064947107653,0.0004236350556053491,0.0001258406517644993,0.0004161414905875019,0.0023742695458756125,0.03191959120319152,0.002432512364591955,0.02071930956768617,0.013584111886463732
39,0.028172841742911497,0.042553044027567,3.2202300482295594,0.05653272932602377,0.0900356408107754,0.2420170499648042,0.0026919666739328614,0.041761029078720896,-20.95637359289258,2.6804128076775062,0.639623266704411,0.5640849819689363,-0.20929238965135266,0.5614998411001062,-0.2449187172958191,-0.051291668080817324,0.3131366084007441,-0.18286894849827545,-0.527359456183206,0.1749562401008722,0.0156991117151353,0.0020730364661232176,0.021190100340057725,0.0005254806822336403,0.00036962239451608224,0.001088728129238595,0.0004227030298888292,0.0001309822670977248,0.0003775536236557233,0.00457896032909939,0.07387359937485043,0.009809423181653096,0.004465168954850395,0.020148377402930406
40,0.02826342965848356,0.03165734982975113,3.23425236394322,0.05610663944792467,0.08390096454416002,0.12976085806870102,0.002857546382411077,0.021197572243862668,-21.03063036207221,2.6251471666417894,0.5726333229679097,0.6142449071131948,-0.16803487332043945,0.012352835142572068,-0.12966137470499406,-0.1369768331057356,0.7214915790386252,-0.16661819586355073,-0.36949749813726196,-0.04775893227747642,-0.40760858260477373,0.0011599577642966907,0.006698298761161962,0.0006242524140771471,0.0003027555206671431,0.0006226403533816003,0.0003932026717735799,0.0006571377343922086,0.0009654401839602637,0.025606392099116672,0.04803245970184531,0.0033810878347801266,0.0300776178668411,0.015157210941278502
41,0.03134341878793369,0.04243873156608689,3.2208802855621004,0.056321189531371184,0.08641655479103624,0.3070780224757857,0.0033416981647039113,0.05625509557025093,-20.512848512222075,2.6505504595578544,0.8357683697094755,0.8439625423172916,-0.36918325461260143,0.24937026002459026,-0.19363111704803054,0.1964534443271135,-0.3567973068305643,0.15292863094914733,-0.5715264181130851,-0.019537397598920495,0.4570854057870521,0.001116906989582206,0.018677610672059586,0.003101843055520642,0.0015716239223828921,0.001306583251593113,0.00025672900020645456,0.0060678111141246405,0.026554889642166183,0.0002873891572041113,0.06081855169156802,0.007395313994088511,0.0039241725422924445,0.016939097448134318
42,0.02903342694084609,0.03449229665624614,3.26386290319945,0.05876642615364582,0.09440401763011204,0.16015042379718442,0.002261414452157543,0.05009511731135067,-20.828730400456823,2.4522013482530314,0.753523774446376,1.3511595145434865,-0.07683453576650534,-0.4730931721207181,-0.2526537105558839,0.42108449361589523,-0.48643892384918713,0.12137376201287949,-0.051374558115843544,-0.2038386597066153,0.19749966327269347,0.0005650949013579077,0.007971930180377024,0.017371331315385895,0.001446662634143402,0.07009108387345744,0.00835634346496671,0.00566481368350967,0.020904999420112553,0.0020768316726661015,0.016477484265573085,0.000830646221108321,0.0007643885003250596,0.018614397357119825
43,0.03406105625509557,0.03365045518750942,3.230150552959709,0.05648527796704806,0.08685660948662878,0.3179188633492769,0.0017014506748234182,0.05625509557025093,-20.574800548403424,2.4977054426932996,0.47283480926093363,0.9035380262815655,0.1264070027995098,0.1873757051838143,0.036379161133172105,0.24245908367841115,-0.8533065040095068,0.1296278336191733,-0.13133797142593012,-0.04664683025630956,0.40230194847244,0.0010940920164898026,0.004923639175586991,0.002740459458563319,0.0037650708165829446,0.03026741259548466,0.0035246560982196366,0.008816989491992496,0.005955249067407513,5.170715618042618e-05,0.047485717417270375,0.028838285738477035,0.00019044360945262201,0.014709413963044643
44,0.027765196122837215,0.04495002657651258,3.2088171673197694,0.07029132302953786,0.12932229726511862,0.15247789266105652,0.002190768038155201,0.0500045293957786,-20.980368618941274,2.482652083228468,0.630595441729445,1.3793066989506206,0.5184909076551731,-0.4074426719991685,-0.34086688665158715,0.42767622580112064,-0.9419844901474053,0.11872381235919954,0.18159465251291163,-0.09094821828415064,0.2709748738523814,0.0006349982672548248,0.015124285714464128,0.03152391317117423,0.0027988156743567823,0.05468666102674368,0.0036823953470327803,0.0028572572436734115,0.03135123453107124,0.0007305035653244839,0.006020518038977573,0.0017778769157726219,0.0003146887791898807,0.016716423114213317
45,0.028172841742911497,0.030432080664597103,3.247664586997409,0.06512977365347435,0.11787612896318907,0.16054900339560138,0.0020600203073505587,0.05616450765467887,-20.738045411621982,2.2817236426770897,0.5284677893269489,1.6217017325568515,0.3437231290614765,-0.18354066443417086,-0.35937267778426873,-0.3276157130891014,-0.509470536783217,0.2380711370189722,0.16468264918044095,0.27381805827110484,-0.1520649239735935,0.0005737062616537528,0.00973713877798714,0.0036574347651195807,0.0019554678622288905,0.017126045760053017,0.0017048006051399447,0.011519941590116198,0.008381503267812139,0.03424287107317327,0.023605622151256295,0.0005010030826478042,0.010243141884270533,0.009918953559259687
46,0.029486366518706404,0.037696656210317515,3.2144572770380386,0.0630282889770728,0.11092633146834648,0.132829028220882,0.0028040147169654636,0.037503397046833954,-20.657863424172586,2.657371121638535,0.5320626390563872,0.7771575246070068,-0.25924521439184595,0.2526972288949867,-0.04069456190990726,-0.26491198918080094,0.8266518117066065,0.12444032941730618,-0.40081711265627007,-0.43639905155730285,-0.10299751960473695,0.001348417234894031,0.022058865595527347,0.0007953867932594317,0.0006040111349357443,0.0008575369416954068,0.0006528004155485691,0.003973742120274832,0.001784873618093481,0.030706170959770514,0.021511095649557718,0.011558225923999663,0.05254600299227549,0.015744512330432794
47,0.02794637195398134,0.04692257613939943,3.193791689061178,0.07675097743704917,0.14421250522718843,0.08329739980669584,0.002021384940312741,0.024821088866745177,-20.925913289617284,2.502348778176298,0.447706389361907,0.8248702529042093,0.06580272194666553,0.831896147311272,-0.20488512371950574,-0.1819040970707576,0.6253763542762587,-0.010949938424392645,-0.6740098480152772,-0.44672944365219847,-0.21352976699638468,0.00028349552688785017,0.002531639901817814,0.0020996603720615445,0.0004837393498042111,0.000520498972561494,0.00018053367644813788,0.0010274970218906352,0.0031705224119334455,0.04229966437707829,0.09222267797919204,0.0027774558491497747,0.00959730274029952,0.026390448414359963
48,0.02767460820726515,0.03445864532046624,3.235435588190776,0.07731655085387563,0.14603062498856842,0.12900533351972396,0.0035965330737792703,0.04728689192861672,-21.139578691212655,2.5995224171477744,0.4338912709797542,1.1605992148399666,0.2919595515715736,-0.0017553829354007844,-0.49165301514737536,0.4771692795485274,0.3484684933396435,-0.247985381816019,0.00279973084636443,-0.8258596305451215,-0.29468224861705394,0.0035866781869297796,0.039755294272998995,0.0014081147696482703,0.021926127167690358,0.10845612607229518,0.0028487193135636802,0.00026079211571706324,0.00031362801992892037,0.0023455793070490953,0.019330518596716344,0.0004916078071249551,0.012350998153927607,0.029714858691324893
49,0.03419693812845367,0.03990512426924662,3.2605449293283755,0.07678259691028014,0.1340423141729643,0.2604296280197681,0.0021837809224591986,0.056345683485822994,-20.478774391945976,2.6322542441647894,0.625882112361992,0.7801993213464843,-0.5947091056545497,-0.06255052698224814,-0.1692643684144277,0.7385297119904796,-0.6825222380796112,-0.25911673243500966,-0.0322893623523091,-0.4699246225093175,0.3233833978253741,0.0008334500322853479,0.007351681812291844,0.00028734016405241794,0.03529130014636064,0.053075693646300465,0.0024779804016336507,0.007310600120661509,0.0004871283622033873,0.002285186350641401,0.000839526355251222,0.0005406767427463677,0.0022608064361831323,0.0161338669223616
50,0.04157985324757677,0.027598262034246895,3.1850896799126365,0.06296306516800752,0.08837310814969272,0.3965845931453535,0.0022425441366104707,0.08451852522873449,-20.454578071478227,2.409699713244629,0.680917546662139,0.6195312877719575,-0.7568045722736374,0.4312865291113792,-0.14135736418433595,0.21561963876874823,-0.4100633088846978,-0.29204136774452355,-0.47274232415582085,-0.03823716493763299,0.3101745720855588,0.0010137222842328435,0.001341339435432138,0.0006961540499782132,0.004369901236481166,0.0014361508551446849,0.00037392501789664304,0.001492619172633863,0.0012146057500475784,0.03816973744188022,0.028077043501997922,0.008394547114103658,0.011824551713218532,0.011821238693119157
51,0.029124014856418155,0.04166205845021447,3.2129492048628125,0.06861593471936549,0.12099525337012777,0.0906176379504222,0.0020641343989699287,0.03705045746897364,-20.633168328060254,2.513922412271394,0.42256039300556725,0.6867321262880005,-0.029894968136817877,0.936264446264695,-0.3958138105335213,-0.03916277863661609,0.19679478322409516,-0.5520427263108548,-0.7451179593632364,0.012307649926309672,0.29315426622913565,0.0009678085638671911,0.010798566267579829,0.0016705439547927096,0.003880878001807712,0.0016527536882530876,0.00023836881838794908,0.0007759996065838373,0.00042800602770013926,0.000570645808875853,0.0744448583797998,0.00689742157275682,0.03171609312750638,0.020891682426394432
52,0.029259896729776247,0.03580435545230238,3.2068225433705044,0.0672796215217095,0.1222815659076607,0.1446446959932943,0.0037921365917097036,0.05009511731135067,-21.06595962024352,2.4568078428360005,0.4681760042125421,1.2507113675469044,0.3757996992582705,-0.05098991067181807,-0.2847220741908293,0.6477237383887222,-0.6813493555721006,-0.35234654616147165,-0.09152781529588466,-0.23529590008333345,0.711050983791603,0.0003249426020644438,0.037599943166544025,0.000867378164606852,0.02581340251295969,0.10230823487741493,0.003128612707173193,0.009181978166742658,0.0008417802116554392,0.000862559453440965,0.0054079955837004635,0.002003438285237476,0.02102538702155483,0.028086125839698245
53,0.03591810852432285,0.0435225917744309,3.276447969388637,0.07428815987772894,0.12553532804222137,0.29110706096057615,0.0018343671966076424,0.05652685931696712,-20.53138946916306,2.435109087299042,0.6376719622012512,0.67689915001408,-0.5589606543347762,0.02070242169876431,-0.2243251208203593,0.6209897203271924,-1.1750342151555224,-0.14781612409218317,-0.04848701332800232,-0.23008750223279867,0.6020661239116492,0.00040402072091209,0.002592255550735305,0.0011035474856451357,0.0044837713146199665,0.06945279275940432,0.0007159693731303785,0.012831988007131478,0.002096494351042582,0.016295582635771064,0.0008196479393511332,0.0005197513638905426,0.0002360707425665559,0.01882157804510472
54,0.044976900081529124,0.03647153964205849,3.218178454245708,0.06379585762717989,0.09408649904593987,0.46926115889759307,0.0025415447269914408,0.0949361355195217,-20.176581873910603,2.456367058181885,0.8011507037149226,-0.0013289256883533065,-0.6361118228268268,0.22418404641120024,-0.1973751364340846,0.003826532098740572,-0.7018736408163423,-0.0947404346828118,-0.018331821761924036,0.19254017761469916,0.007723905949511688,0.0003358609152042985,0.006018881263942198,0.002209327489828173,0.002737742920071446,0.002910349055185116,0.0002491938637610823,0.0022675132338141986,0.0006590362635471395,0.03136598225496114,0.034585993769181686,0.00026195405278004363,0.005958913678719678,0.011582997751140854
55,0.03999456472506568,0.030312972356903993,3.191861467264723,0.06342595658856458,0.09757901322239068,0.4483279508484899,0.0012280896913138652,0.09475495968837758,-20.75338215610942,2.5888875500820605,0.7243451754893668,0.10082349178255927,-0.25683283885113134,0.5311738505638566,-0.36219343857571684,-0.06761861819852655,-0.7153729211170947,-0.05215625877675388,-0.04413675728326906,0.5913907871987681,0.1626109065421546,0.001901005134035755,0.0696143898860722,0.0026573487369618157,0.00751514252923969,0.0013102234210218362,0.0010246593157559078,0.004024771890942638,0.0008851062599958858,0.002551818293828711,0.04742420993090834,0.00032400285362277527,0.0006119837446803021,0.021524019448511175
56,0.03976809493613552,0.04217453285532626,3.2692484569784614,0.06330150599747458,0.09904504689440101,0.3825349103500158,0.0022595493828047497,0.056345683485822994,-19.997474458136843,2.6098979296600007,0.2770268264659855,0.19465228271719542,0.6528728137600011,-0.49437601623431027,-0.2720155392184285,-0.09679695621313639,0.17657903026646446,0.5764662292056997,-0.07368311079240003,-0.12225319250630769,0.10667816781066515,0.0010028931870858454,0.04473024130600415,0.0011649932272206347,0.006029896966803896,0.001775876350812954,0.004665541754672555,0.011298193235330059,0.0013771435217924514,0.032412082015253904,0.002447382424647713,0.001409985629210103,0.0005550544850860792,0.013738943012388533
57,0.04148926533200471,0.04271955916505128,3.3020485466893374,0.06136061999789886,0.08835099166163154,0.35951252473737516,0.0010915946828795342,0.05625509557025093,-20.236975190162585,2.6858434535713114,0.26230246694699333,0.42288443577493917,0.607083754696929,-1.0894024798855966,-0.5081672957975523,-0.14728167481632176,0.33293716518059957,0.48216387657078175,-0.40182610590014645,-0.4247574629356232,0.1610416485436365,0.0009422472456095356,0.03131364880737913,0.000483328065543796,0.010334928161276727,0.0007393504615738074,0.0023444146112295877,0.008406347570140242,0.000552321173541473,0.03096330417056722,0.011338585402246538,0.001355773756081598,0.0009227437266384671,0.010905579103519336
58,0.03383458646616541,0.04644586613866514,3.299833935806846,0.06989297937566734,0.11586247981853542,0.3116488207383913,0.003548492403221211,0.06685388169218226,-20.366904563366944,2.379384639933453,0.2658399822493832,0.24026667779816446,0.5772941291669627,-0.33173253305421735,-0.33349284730549794,-0.4565968176907394,-0.5230009209760392,0.4023219104716813,0.1256827170373459,0.2266826094625879,-0.23185842107920493,0.00024694208375410136,0.0007463602782857561,0.0005698378703092332,0.004284939371717264,0.03647852704076565,0.0005665316531788456,0.001511691059570505,0.0007546410020149825,0.007652219275162136,0.03806186800028597,0.000417926628455883,0.00017506157603697272,0.013427124872701443
59,0.030935773167859407,0.04528900409207976,3.2981233224103788,0.06201103985820777,0.09710326741503604,0.27980335472481327,0.0023872739912947664,0.05009511731135067,-20.770132567978607,2.3054552568332563,0.41015584123458854,0.5045860372785663,0.27721377585290086,-0.5286415835673839,-0.16038829017862394,-0.02647097827374624,-0.4175262885709209,0.4595897955694399,-0.10557006916188974,-0.18961069941031605,0.14690899091020446,0.0001998938307885231,8.987092665144791e-05,0.0005877618599753288,0.006879004085600209,0.03151498670738233,0.0007826837433294663,0.001910437537643997,0.00029464525347242866,0.031058662823502847,0.017362788175646494,0.000432546458041569,0.0004601046013074532,0.011593663574397747
60,0.03306458918380288,0.032092596676775026,3.287223570865622,0.0593903284560763,0.08128993746265295,0.3831484133139413,0.0018067147695148926,0.05018570522692273,-21.17855741960044,2.293380219459808,0.2848193998196134,0.28268339517195995,0.07371866690475126,-0.07957569136414777,-0.08887417120635202,0.1870191325117242,-1.118816265852959,0.4357450214303672,0.23371970885187465,0.22395456441269276,0.28053044943740996,0.00019748327909512928,0.00011869861814609542,0.00015596612842191623,0.002845731100235903,0.08319248653519314,0.0033995070946955994,0.006234649574914124,0.00041156241093158723,0.021671025469830792,0.0022772374800476766,0.00045325523622006245,0.00014948908573917394,0.022789919679587642
61,0.030618715463357187,0.03229099456400741,3.287308474663252,0.06011946925913246,0.08531670688749718,0.20626145331078277,0.001976041502003135,0.05009511731135067,-21.14703650760728,2.5194368271105425,0.4758577885235393,0.29458647784693803,-0.00016959361458133114,-0.3027574619444539,-0.2726606763100419,0.24434251896321266,-0.08079342960184305,0.16967129964534491,-0.06443759435963134,-0.5919757840377728,0.0071898881566246076,0.00020871543575826364,0.0005960247081936366,0.0010801129185860642,0.0018192035980731968,0.0850433708505473,0.0032393945325863978,0.0013737608959221792,0.001501189508572896,0.04780801213684121,0.012907886940381098,0.0009262214194245205,0.0005938612477438487,0.025246571451628227
62,0.029576954434278466,0.049975915604710916,3.3125371495733655,0.07729194565101422,0.13770760363605902,0.24171365365671058,0.002033962508628263,0.05018570522692273,-21.030947081425634,2.4692844308293296,0.7979648848765588,0.373719771217417,-0.14042364272401925,-0.06754917473414657,-0.030924773929481335,-0.049063279288638066,-0.206323447394496,-0.15125734217420342,-0.06719492320190314,-0.7439596907630068,-0.015331898308518471,0.0002349906817134222,0.0007449680171610605,0.0010655737032031051,0.0014656393260715876,0.04403030452244925,0.0008532175505754662,0.0012016609418403672,0.0018347396687679748,0.00036234180460316065,0.017895873663661827,0.0006497157024737342,0.00018629927131982608,0.012431361558309624
63,0.0296222483920645,0.03940037107314796,3.2974402648016037,0.0669397139170645,0.11175758261500954,0.18413005886396264,0.002369338925543928,0.05009511731135067,-20.595030826672673,2.297204169297364,0.7122887317438041,0.7789024568595415,-0.2700884194491492,-0.8253036456189446,-0.18739961671613892,0.14250038315863878,-0.05642793908105475,0.25034544914676704,-0.37272880666087654,-0.5191941651982072,-0.1267713791188339,0.00042957190444517203,0.0008023552227105545,0.00022964135048590703,0.0012553158765771367,0.07014961366008053,0.00018891265518519785,0.008930988828038795,0.0177324537772162,0.02738883318212453,0.0026258266260594278,0.0011271612392219066,0.002518140023943547,0.019578529160875234
64,0.028444605489627683,0.0314942286946093,3.1815343303451584,0.05404602566603661,0.08096891685493031,0.13333129953699982,0.003387095036115547,0.04475043029259897,-21.00485825571063,2.5961400310595772,0.7524551318515658,1.0825325973143638,-0.6750634227508465,-0.4696701149217641,-0.0334450345569802,0.1463312059037325,-0.010822150038467968,0.19702196654951704,-0.32740557660036906,-0.38891078660232625,-0.14488187477131753,0.0003246753165453019,0.001914426846266609,0.0004950857887508941,0.0003141957178087494,0.0008681046268691668,0.0014658272548095882,0.001255906424985074,0.05163760350881325,0.005074823694334442,0.09512015325435035,0.0031741451561863314,0.002073467495614483,0.028180023205643317
65,0.0242775613733128,0.0632980495609218,3.3146420450559013,0.06021194594435744,0.10611329814826674,0.15575773177377833,0.0026236301832227617,0.025183440529033426,-20.532716887147213,2.5521868132020344,0.8573400276544063,1.0326508237590462,-0.6357773916239942,-0.17109586704807472,0.1565634628704524,0.1724883539472433,-0.5001774241559716,-0.00225410731685171,-0.27670539674023376,-0.47560268812079637,0.03142662474065207,0.0005589906900834185,0.0004132609977217159,0.0011429509249707595,0.00013130230910752945,0.03534898247898301,0.002150007291491851,0.0029635043502060326,0.011616218097898989,0.0045322376275067225,0.019520575600708582,0.0012730102429202898,0.0016989008271208336,0.010223809064285298
66,0.02291874263973186,0.05717983779173806,3.3012871291393004,0.055580807604835775,0.09256650832004377,0.15712281411195497,0.0020876045379867223,0.028082253827339435,-20.84717768839713,2.685008530738835,0.5851250920583022,0.8343554942502396,0.04738534160534355,0.3161747908575826,-0.1781432639203162,-0.009101457609983668,-1.1790323941978733,-0.0023078957947343798,0.13587689595621982,0.15685271362247227,0.29595088225625743,0.00016723255882358895,0.00036152401336064175,0.012506954391082773,0.0003546001796241237,0.003727352905936466,0.0005339836490311034,0.005163544343084372,0.000693927710089051,0.0016086989026204354,0.05719933653330529,0.0009824225310244993,0.00015114113219222007,0.01552695275732467
67,0.028897545067487998,0.020755600048760606,3.2869901295773,0.06252133588664031,0.10643058752965698,0.16762912142534026,0.0032228770121706446,0.028172841742911497,-21.625786174910488,2.744673716257683,0.6558052255851204,0.394728899018448,-0.612982888493564,-0.036749372510721565,0.20289704555696025,-0.3894059972300325,-0.24049245917188855,-0.025136516323778432,0.3212480896863837,0.16421005172316702,-0.5044476390419093,0.0003278217372664936,0.0004852219549127495,0.004619642551354823,0.00012917402992410428,0.0004022088257606366,0.0034745865006931055,0.0026443019370233386,0.0006000063313983915,0.020084025228697986,0.020232179000209467,0.0017089440689061221,0.008474454863245324,0.0070478355688473404
68,0.03605399039768095,0.01151551608736482,3.2755730316524505,0.067822630046584,0.10172385657690891,0.26077238807030223,0.004165357951345015,0.02826342965848356,-22.373915606647973,2.587393248533825,0.7129377880252703,-0.38719998572191494,-0.7480394993383728,0.42394642409242267,-0.3934576672500255,-0.47472605004191354,-0.4352442308120218,-0.2992978074394192,-0.053924252624007095,0.11691290029670114,-0.4197685081471168,0.0006583551720718086,0.0025271427797452888,0.0012244304040579838,0.0007953451588747635,0.0007083686195852015,0.0018988880755811549,0.001019406055721309,0.0022178447943105974,0.0007300215676849666,0.0005571818965896307,0.005013727193756304,0.0003285155020965511,0.0012602837599219273
69,0.04751336171754688,0.013946539975316577,3.252132533911547,0.07341690166498421,0.10514955411452284,0.4495699515949582,0.003485527571118867,0.08913850892290968,-21.81162007065025,2.45162139152714,0.27030949479081423,-0.49223806988694774,0.6793788252887362,-0.3176166337278713,-0.8490297845769343,-0.16635073081053248,0.7222964227180757,0.25761507885522067,0.06084353547054272,-0.3521354732645322,0.08684790057629166,0.0005491132626068786,0.006273183330090926,0.017117675089369903,0.000624942322074772,0.0012666519519241048,0.00032371460005120367,0.0020466399964926872,0.0009310364832615325,0.00020506423328486343,0.0009601103902122164,0.0006909587549541687,0.0003858545446907664,0.004649214782484238
70,0.056753329105897275,0.011606495091239575,3.238932034416264,0.0788829394712732,0.11135866299040634,0.4533034003849344,0.0031692659110363745,0.07536914575595616,-22.43161998363085,2.7281446476160527,-0.1769057840711114,0.03716568564767238,0.2516985939955234,-0.001137396096447224,-0.1463822692942745,0.1480778600919077,1.189016924343265,-0.5924434461807067,-0.6900098460749017,0.16094371990558154,-0.1364382395853513,0.0030923773579819044,0.04923472962087694,0.0026962562246689,0.0005300439990112267,0.00043513676029232685,0.0008875893905143987,0.000346718679140239,0.0004014304226830436,0.0003942443302748111,0.0004186991305642399,0.008728800965747624,0.052575649128992694,0.01845786455240969
71,0.0667632937766102,0.011408119593288347,3.2762220008118925,0.0785609252476868,0.1032796336420214,0.6463014412247197,0.002290913635588506,0.13370776338436452,-21.873734505788285,2.3243623600437013,-0.33565120583464086,-0.7546991683645725,0.5195461597594879,-0.606877968318281,-0.5204157222312583,-0.11687224619087808,0.6021860766026393,0.355477779155827,-0.013686455029707431,-0.03332010826746402,-0.27931788487931924,0.0007423427262853597,0.0017004303324528085,0.000562550690580861,8.181124178214131e-05,0.00032695492679671794,0.0005034887760255835,0.0010659980891643338,0.0008905913979098728,0.00034731389103760793,0.0035708852162966457,0.0009179874162133145,0.032065840843562725,0.00863859903976118
72,0.06495153546516895,0.008599676835100127,3.2900264831946266,0.07832001846848867,0.08980425845914655,0.7221820822460064,0.0026211533655523265,0.12627955430745538,-22.475810394197136,2.2150709384580964,-0.49036714293605166,-1.2368755672931602,0.12492027430366062,-0.03736007746043597,-0.5199311816480002,0.2475410685530663,-0.4101130335985244,-0.07977514198745739,0.046327405521782675,1.0061592746079233,-0.09126954656312991,0.0005616609921188384,0.0013067114487704033,0.0005399392322438986,0.0005049628272472196,0.00038337533490290227,0.00022533721015412703,0.002365096429612312,0.0014768784984819131,0.0014125061832704674,0.000552620682021048,0.0008189518484870979,0.001369777945790734,0.0006010136821081327
73,0.08999909412084428,0.006267493034751166,3.2936928139251,0.10331885521392775,0.12836993369182012,1.012340647904825,0.002200279206842044,0.1894193314611831,-22.430931267354232,1.727034654253633,-0.8629392910087486,0.12980804841212099,-0.34730752407812343,-0.2639240696629721,0.2300054647696324,0.17683299785111095,-1.0363974995895293,0.007908369444463631,0.13697437342498,-0.009702779710443976,0.0053344965977276115,0.00038602549698920746,0.0025776090668271617,0.0005609915117158421,0.0005555535837651881,0.001365551945346491,0.0006097868240276418,0.0005174540392585026,0.001271643600614242,0.0010205524078910574,0.0013038490563390562,0.0012715497593902031,0.0011635046815931878,0.0005781740402131301
74,0.0680768185524051,0.009678742719580646,3.2418151342295674,0.09305712367842865,0.1100850903836235,0.4867426913452603,0.002841914109647948,0.06694446960775433,-22.880999674250734,1.8138855656188433,-0.7823685079339302,0.4729354238994875,-0.4769010229517917,-0.13658820196847693,0.19312635748555848,-0.8865291737131098,-1.0770054563700242,0.7244591334289124,-0.16411660925637056,0.20613489596424084,0.0413593180633539,0.0005927010385987318,0.003367976477297023,0.0005652859781957619,0.00020053093934451535,0.00028213269586388755,0.00031145243900794397,0.002738977026531818,0.00024437743771829395,0.0006071674319413982,0.00033978036179931704,0.0005834060386276569,0.0001177539559985202,0.0010156362591828305
75,0.06612917836760576,0.02047194348743377,3.2339199867798545,0.08654675303136426,0.10383709643842867,0.3872676076150068,0.0027683695869788376,0.0842467614820183,-21.626631058977846,1.7131743119689455,-0.3509434327984913,1.3620271747283734,-0.19480105032575765,0.059692486706426566,-0.4380938962986629,-0.7546021855756246,0.4324912778647769,0.41194569965890493,-0.17513572162318808,0.25920823652988767,-0.21334372625851683,0.00024275059187954865,0.00018505146932666888,0.00029837215827113544,8.416447791836878e-05,0.00020148045790877476,0.0019118167979851471,0.01591908404672979,0.0008870828824561028,0.0680086973502396,0.021172684646527686,0.000695896548471465,0.00036384526568759477,0.018983261980234003
76,0.05897273303741281,0.018253610992065544,3.2804504364459866,0.0855008786686615,0.10678825412223115,0.24608339613175617,0.0029037849542432495,0.0842467614820183,-21.832234908901846,1.9176669925287881,-0.005841263096796889,1.1135617459032756,-0.4475712532377922,-0.3604021947775661,-0.619797587676098,-0.3624068712191611,1.1483674693364616,-0.5760004910105075,0.05230571926681986,-0.17951497219768392,-0.4001233834968866,0.0006730551021046692,0.00043819207521353306,0.00041540307776328605,0.00023859150592220175,0.0003179944651510493,0.00027843265851444903,0.0011633702245424594,0.0009653368273786939,0.004219983511956656,0.02679956453079911,0.0005051819496615189,0.0025620982623221983,0.007200498850611454
77,0.061146843011142316,0.0120791929109754,3.295415664512946,0.08794983749716781,0.10563360218155247,0.3486284732839137,0.001993615469383087,0.07536914575595616,-21.672360641199656,2.0425263550251613,-0.5529065023249664,0.6921926770013267,-0.8416997694597876,-0.0009984654979860036,0.04044736114619107,-0.5944315786744455,0.6980991129421888,-0.15985198710542298,-0.4331814586491535,-0.9054078796634408,-0.26659811840512426,0.0010399188143947649,0.0016349367747884047,0.0024604217775788047,0.00019987430357945197,0.00033171234671551026,0.0005199599148393314,0.000620299007752828,0.0005146977095225531,0.002289215603705456,0.001583379330037257,0.0014631989716396541,0.008530690238324503,0.0021627019006649375
78,0.0700697526949905,0.0108609806185218,3.282120836912706,0.09701159703735918,0.12581009943460275,0.5286397585792579,0.0014658068711479767,0.08433734939759036,-22.040756589666394,1.979660397490047,-0.6420686519776619,0.606532434346549,-0.9327499010678916,0.3904234020032018,0.025649775500194896,-0.4128791003901392,-0.09873767317163284,-0.03563628000572633,-0.31124465873324225,-0.7504353574603693,-0.09291003127092506,0.0004879902223381312,0.00305106380159678,0.0012251641433113113,0.00025512254817326935,0.000708073647575247,0.0002847013068446242,0.00013262138150082532,0.0005707462062368438,0.0003994663534017603,0.0014504434029798464,0.0015206031114006497,0.0004421862120655537,0.0007944200653208799
79,0.05657215327475315,0.015924511488502432,3.2527608771964727,0.0905018103806649,0.11383638871993292,0.40146575722416955,0.0021913126369094496,0.07527855784038409,-21.9650656831296,1.7392896272009208,-0.6378189730055457,0.4333687640866051,-0.8544203987692662,0.40745384151985803,-0.19454425372797354,-1.0709251564534288,-0.45869883476882767,0.36651289193143655,-0.6202808721863424,0.028985848265950326,0.033353666527691284,0.00036929030222138603,0.0006209594747337263,0.0003732687879843727,0.00011133100056425537,0.00042782311717151313,0.0003565073574709445,0.0009311821324182465,0.0006923915770328932,0.0005186435230035858,0.00017219928738503693,0.0004652509714064606,0.0010993719147900784,0.00027601869291170897
80,0.07201739287978984,0.008267495783835828,3.2977025759313165,0.09669560920441019,0.11604904337324888,0.46885379881624445,0.0018436025779215574,0.09475495968837758,-22.386095286265984,1.550845354147258,-0.8665786439646552,0.4323275483750693,-1.0468898900689096,0.48409180993005224,0.15928418301090766,-0.10844164765196171,-1.1914008668680345,0.06443196051772465,-0.3542103575196144,-0.4167103789052913,0.3966178129062642,0.002735507699220153,0.002346531836838787,0.000891246401105247,0.0037155301167307244,0.0002743477285875782,0.0003454483561007516,0.0006639601622535722,0.00023063989388361062,0.0009517851029570544,0.0006181387169236081,0.00019417453274105106,0.00030444622270344937,0.0011186831900801485
81,0.08402029169308814,0.009284161382150444,3.284000197915354,0.10378293853674651,0.12932516650574297,0.7250825614804763,0.0018652700497694458,0.12664190596974365,-21.914812807927355,1.5439864450264724,-1.087136239111829,0.21474671189775518,-0.5869552520544421,0.34301774628754544,-0.3700002443202475,0.05450536444843119,-0.698274570762146,-0.6539787821688043,-0.24884219809271393,0.494464723553967,0.5294398884907285,0.0007314208436121058,0.0004752704905096711,0.0019887025907295323,0.004900110483674676,0.00045549010820292987,0.0006500108180617171,0.00023888674126211539,0.0003857801933723006,0.00044320064198245915,0.00046966837488662426,0.0013834355146223837,0.00027681164978511327,0.0012635750171676515
82,0.054171573512093486,0.02147293980730178,3.3113263871763126,0.09182292536170757,0.11140277893268614,0.32165125781287696,0.0045805489520172405,0.08433734939759036,-21.905485319385388,1.412871172350259,-0.3080550454081541,0.4603853162930651,-0.5033344315110122,0.2120837098936515,-1.03560911418946,-0.1871251419425911,-0.1635243067254637,-0.5656959873313427,0.2628650763414459,0.3911074995317618,-0.24008306527295747,0.00011390928942865542,0.0002607125828787756,0.0001207167870173586,0.00021627375733532272,0.00014561894497223664,0.00024211326297536145,0.0021178477668631827,0.00010708601741788309,0.00015419412968608698,0.0020966920404770738,0.0049936529994914465,6.289023043816356e-05,0.0014335227036877986
83,0.055077452667814115,0.0288640657521672,3.236880610254026,0.09443618874345203,0.13018407270842847,0.44900697348692353,0.0021981869448245627,0.08922909683848175,-21.320805606537153,1.7549007450178515,0.13752731747857178,0.7004089736951846,-0.4517677649086427,-0.017007436294425644,-1.2184724020936946,0.02251381084776679,0.012044980666884385,-0.3337889832064521,0.4958452037603004,0.19796438324332594,-0.44775149269694553,0.00019093639833992488,0.00020647898462254938,0.00026335972121243364,0.0002527285817630009,0.00012653367222963935,0.00091839777273456,0.00656499239855922,0.0007852373714621686,0.00043024294862319937,0.0005650327346072681,0.005258406061542791,0.006529637569511485,0.0024984589704255327
84,0.05009511731135067,0.03739430607032617,3.256523895739775,0.09317033757564441,0.1322990926461313,0.33094545242798795,0.001499189886766462,0.07518796992481203,-21.162297657251163,1.7455770082402302,-0.29659272303954215,1.0302431148488536,-0.45435773267768664,0.1881922734113582,-0.760916974060973,-0.760103182486469,0.15523936819709266,0.4055188914783088,-0.022006734944112823,0.5377785370998105,-0.29706232781767,4.545314031435538e-05,8.956790005257906e-05,0.00015725465833002757,0.00012568389296749698,0.00018372847938083787,0.0017044626959496743,0.011677329880406618,0.0007863252204239828,0.03322146304780327,0.00033321615544642326,0.0005230095047360357,0.00011277948374972005,0.009328592987217063
85,0.048328652957695444,0.025171356588399026,3.2978915647059184,0.09749338064804867,0.14412538594345387,0.46311458142103584,0.0014574477375195538,0.0706585741462089,-21.175205333271503,2.225748310828491,-0.46083890535310945,0.3531175352547681,-0.555663617584225,-0.4220763559403393,0.3837276910781652,-0.6003747419798648,-0.4847504345768535,0.11455355455453586,0.06359534521506352,0.3526224046211133,-0.2946130373546666,0.00011288169266253393,0.00013790459028416616,0.0001958386930179473,0.00025847746806157557,0.0004728325999594317,0.0006271789220908606,0.0010805801948858237,0.0001763802271305977,0.019440614873578777,0.001744450926357278,0.0007939563373564904,0.0061210272346598135,0.005323747150152366
86,0.06332095298487182,0.016634168344785233,3.2799167194500836,0.09618914477622141,0.12994013413835742,0.5379514817216058,0.0018522790283525578,0.09484554760394963,-21.427654086591357,1.8990911732362417,-0.4312806159624684,0.267348808504545,-0.8329687269006449,-0.11781847804895329,-0.04883124271772683,-0.5226368131633137,-0.8814765510549712,0.17219133659114388,-0.04512085917172323,-0.13002737891100163,0.040564889804352716,0.000161146764264836,0.00033382445957010016,0.0003536259895224892,0.0006815884003809315,0.0008103408246437669,0.0009707188297677794,0.0015344909245776526,0.0008130174424687762,0.002625428055422531,0.0002461458677728219,0.004553059866186522,0.0003174176603417638,0.0012302122162328167
87,0.06105625509557025,0.015812173674457128,3.2829149755576696,0.08305366241048352,0.10254125786310858,0.6876195274940425,0.0026703056603389294,0.10046199836941752,-22.033815526120136,1.938042092265822,-0.39443521622228017,0.4493424043591546,-1.0525878068519716,0.05165674610808243,0.4011675636915514,-0.344526417066883,-1.1996785738394535,0.14745507662986382,-0.24966733157738946,-0.4527564630406476,0.14100134916745044,0.000249382846698799,6.098357145701964e-05,0.000687897196139183,0.0009302565106184787,0.0005229331834409474,0.00034729169515457014,0.0004835012812509583,9.912917666137786e-05,0.001247098117883375,0.000406744084883317,0.00029785460912391235,0.008151325407565546,0.0021436585532125267
88,0.0728326841199384,0.012060929501331656,3.2600241310454816,0.08891764651813405,0.11453820608843603,0.6271262147879747,0.0024585207866753413,0.16804058338617628,-21.838579202819492,2.0053549568337505,-0.8477174670915051,0.4059529767520669,-0.5695053536564523,-0.061016183159841524,-0.0034563210275421665,0.44748170055186864,-0.4235423662937664,-0.9678371809145121,-0.34665941047938575,-0.6975859427972214,0.07494703819528639,0.0008011112287687388,0.001085504813561343,0.0003336267997825101,0.0029842507780137146,0.0007099979133699903,0.0002726407962386289,0.0001284907139978508,0.00024104456559673583,0.0007156547224477157,0.0005587667987859384,0.0011097934328479985,0.004089944109100334,0.0011591543068335088
89,0.07378385723344506,0.01059596114133459,3.2191963337345504,0.10406907272942721,0.1301582098354887,0.8728927960713193,0.0018846564381809195,0.10055258628498959,-21.83799683059092,1.4659490325317874,-0.6294995482869338,0.23562510936976733,-0.6232699141596724,0.2356870856348399,-0.40548344147790477,-0.15921169060606774,-0.0667397435797525,-0.3326807364217135,-0.9953685931836813,-0.4288553890217355,0.5232563137191873,0.0002457338283804157,0.0016589297186363925,0.0009144370409224486,0.008693262454910864,0.0016467637493483309,0.00048342375768610827,6.699427631253118e-05,0.0003282554711122184,0.0006526707640161758,0.0004782854431218873,0.00195837965220832,0.00142231717394359,0.0022382780632051557
